99
34
99
86
62
24
28
23
22
76
66
13
37
36
99
22
62
33
31
34
33
75
39
66
33
44
66
42
28
94
44
11
85
76
97
77
55
75
82
77
17
51
99
33
82
81
73
93
55
71
34
26
88
77
89
64
76
55
33
72
11
29
12
42
55
28
72
99
77
42
44
88
99
43
88
65
11
16
77
62
72
66
34
66
77
42
99
31
55
64
24
33
77
62
11
58
61
66
16
27
22
66
37
81
48
11
11
69
66
16
87
77
47
77
41
11
66
66
33
21
32
55
44
19
71
22
55
61
88
19
37
19
66
33
67
56
68
66
79
66
97
52
77
55
85
83
44
33
82
73
96
18
66
59
44
33
99
37
66
75
11
33
38
55
91
11
79
48
72
33
39
55
44
55
66
37
88
95
54
89
58
66
96
57
82
22
51
24
12
69
74
53
93
61
66
19
62
11
98
33
55
44
77
37
33
81
26
29
63
87
69
38
33
79
11
43
57
22
13
94
99
88
72
42
22
96
11
72
54
85
63
75
31
13
22
51
22
38
92
18
32
86
83
22
78
18
57
59
62
13
76
42
99
23
17
13
63
55
99
84
33
99
74
55
99
64
33
36
77
99
99
67
87
56
44
22
88
11
55
44
44
32
94
86
94
52
33
22
88
66
66
28
75
85
15
37
75
22
11
67
77
55
88
44
72
63
32
48
11
33
83
99
29
86
17
69
99
73
44
57
55
35
55
46
97
18
56
22
55
44
82
59
96
99
11
32
66
55
88
91
33
39
81
88
55
77
61
66
44
11
38
55
37
99
63
66
88
59
12
36
46
33
24
11
14
21
41
24
53
13
11
89
77
16
88
98
77
76
47
66
24
33
11
16
33
18
64
33
25
61
76
43
66
37
11
63
13
66
77
62
99
33
95
47
77
58
49
55
92
31
27
77
46
77
28
63
33
88
83
77
37
36
11
22
52
55
86
51
11
66
46
46
43
78
16
82
51
55
88
33
61
12
53
54
99
82
51
77
11
86
33
77
34
44
69
81
66
88
11
41
65
66
92
59
47
72
82
43
26
77
75
44
44
88
44
83
56
33
62
66
15
66
55
87
11
67
88
54
88
44
62
98
33
22
77
16
66
29
21
45
22
74
98
44
32
13
36
94
23
43
44
33
15
79
11
11
66
13
21
22
69
95
71
76
25
29
44
77
37
99
83
24
82
22
55
83
72
55
73
71
66
58
13
22
88
74
77
55
82
63
22
88
94
88
55
22
44
77
78
36
88
77
73
23
77
55
66
33
13
46
55
88
65
42
22
37
88
36
43
44
73
88
99
33
89
36
68
66
86
52
55
78
24
33
11
33
41
57
66
85
88
48
29
61
77
83
46
77
54
64
79
55
59
25
11
88
22
57
44
66
22
81
82
24
36
76
66
82
13
55
67
96
11
99
57
33
95
88
66
66
95
31
71
77
88
88
94
55
55
48
77
11
35
88
76
33
58
71
66
11
55
26
11
94
42
33
46
77
11
66
84
83
65
66
35
22
77
72
75
65
52
77
55
33
82
93
77
55
66
11
33
99
77
55
94
48
83
44
99
53
11
15
99
99
88
77
75
11
98
66
88
17
33
73
54
52
65
22
41
44
66
59
98
14
91
65
11
44
11
44
98
44
13
33
44
11
25
69
65
34
85
25
99
22
61
88
83
77
65
23
79
32
55
48
57
66
22
38
58
81
41
17
84
17
88
18
26
55
62
88
24
65
88
55
82
74
35
17
61
76
83
88
79
28
44
85
83
95
55
87
33
52
77
86
85
22
94
73
11
31
55
46
77
18
33
82
51
38
11
24
11
33
75
59
72
21
86
33
11
19
29
55
24
62
45
33
89
99
47
88
99
93
51
92
88
77
66
31
87
17
88
99
44
77
66
19
77
55
21
91
39
77
25
11
98
95
28
77
75
66
85
95
47
53
87
11
61
55
99
25
33
49
86
55
95
51
88
85
61
48
58
76
46
81
33
47
66
55
73
77
31
52
84
38
17
16
81
53
93
19
84
52
66
34
39
65
48
22
45
17
91
86
33
98
77
44
34
77
19
36
17
83
81
62
98
57
22
27
74
31
99
49
78
42
52
98
45
18
46
17
99
19
22
76
44
13
57
31
77
77
77
49
22
52
33
45
82
81
13
97
22
89
77
94
66
66
44
24
87
87
98
77
99
21
66
18
71
99
49
92
11
55
43
14
44
22
33
66
28
33
22
11
87
27
26
88
44
99
52
52
Total is 55477
